060
247
016
055
125
073
226
079
182
038
066
140
067
229
246
115
109
111
165
186
120
136
168
126
082
141
069
002
253
084
127
183
086
250
172
029
195
175
194
148
005
056
137
159
146
065
143
085
224
215
031
012
035
028
042
124
108
117
022
132
093
178
118
051
112
164
095
244
209
076
041
198
231
078
155
026
254
176
000
252
100
256
184
098
036
061
234
147
011
257
208
027
162
004
122
032
152
192
138
062
135
128
239
199
070
249
064
044
170
156
040
123
153
023
197
193
081
039
222
047
094
200
161
043
145
180
003
105
053
133
240
230
245
049
163
080
034
216
007
171
221
110
091
083
238
241
089
008
013
059
227
131
017
166
072
232
134
251
243
063
054
107
050
217
174
225
189
014
207
233
219
169
058
218
048
088
021
057
203
160
255
187
191
129
037
157
235
248
001
052
149
130
151
103
099
116
087
202
074
214
210
121
259
020
188
071
106
102
